Mean: 0.0017516246
Std: 0.07453684