Mean: 0.48735228
Std: 0.2251461