Mean: 0.9995351
Std: 0.00010677631