Mean: 0.14036298
Std: 0.07149107