Mean: 0.37644428
Std: 0.19592425Mean: 0.37644428
Std: 0.19592425