Mean: 0.04443381
Std: 0.1101416