Mean: 0.99140006
Std: 0.00073062413