Mean: 0.12330822
Std: 0.17331722