Mean: 0.9563655
Std: 0.0037879287