Mean: 0.0840853
Std: 0.07278927